Correlation : 	0.6848936889
Correlation : 	0.721450513
