Correlation : 	0.6850836763
Correlation : 	0.6855044958
Correlation : 	0.7286877458
