Correlation : 	0.6875608968
Correlation : 	0.7532937521
